100 907877 253922 31881 25540
200 1948688 561655 127123 57062
300 3055783 908510 312974 84727
400 4250111 1338623 512382 116395
500 5073337 1591404 789422 160346
600 6018282 1910673 1093019 172891
700 7152225 2281973 1496418 207171
800 8258715 2663755 1966820 244289
900 9211476 2989683 2424694 283215
1000 10427241 3404501 3016092 302732
1100 11478504 3766461 3652477 336598
1200 12328831 4053485 4345419 392995
1300 13536135 4485145 5094961 398726
1400 14573630 4859496 5809756 437217
1500 15679008 5289915 6783378 469647
1600 16714613 5664686 7654931 511927
1700 17932728 6089430 8624049 532543
1800 18944766 6448902 9745912 575085
1900 20148442 6819471 10893942 601267
2000 20982926 7220949 11863544 645346
2100 22183800 7546656 13262762 670532
2200 23283854 8002297 14390756 718263
2300 24573990 8520516 15866672 755625
2400 25400459 8881699 17258601 773295
2500 26906129 9183432 18834466 822775
2600 28455021 9789006 20622145 875075
2700 29099028 10401430 21899572 900269
2800 29765410 10334965 23430854 923845
2900 31107565 10837898 25157145 954245
3000 33445995 11882472 28223747 1030227
3100 33130427 11509434 28689987 1025755
3200 34602759 11958906 30641458 1062879
3300 35293629 12339771 32377423 1121132
3400 36990806 12920937 34574767 1135660
3500 37660494 13168196 36619352 1164804
3600 38982769 13592506 39037132 1229525
3700 39974029 14150693 40726965 1228462
3800 41173759 14321564 43168482 1288205
3900 42394995 14838676 45207983 1330618
4000 43606086 15398304 47830820 1344008
4100 45840383 16265199 52153520 1402040
4200 45876352 16301837 52929484 1435180
4300 46873036 16502849 55548434 1489308
4400 48241429 17157821 58633253 1514912
4500 49269625 17419164 60844875 1525180
4600 50021648 17933181 63426595 1572359
4700 51243350 18037086 65712768 1619668
4800 52774626 18697645 69256782 1726802
4900 53932446 19351163 72790438 1668400
5000 54620329 19413139 74835109 1712117
5100 57519559 20696198 79660433 1791485
5200 56861567 20301763 80644792 1769266
5300 60353229 21490848 85217053 1811928
5400 61661001 22160752 90305013 1896554
5500 61128021 21772624 91092534 1924698
5600 62007880 22369782 94904846 1981591
5700 62582337 22509074 96994544 1997528
5800 64532624 23297191 100892413 1997667
5900 66017828 23446430 105391232 2076016
6000 66193673 24157097 107436668 2083991
6100 66890045 24277576 111440390 2110425
6200 67627841 24655897 113324470 2140170
6300 68512480 24622144 116968424 2185003
6400 69392920 25040324 120343566 2207463
6500 70627679 25407783 124193636 2251594
6600 71761664 25961391 128128094 2285328
6700 72806970 26179472 132296031 2328185
6800 73960670 26855721 135811078 2353963
6900 75037046 27380223 139965663 2394391
7000 76097893 27683913 144092359 2436518
7100 77274668 27912980 148235472 2481672
7200 78421868 28591450 152348404 2524700
7300 79657221 28858602 156642520 2542571
7400 80690797 29319126 160930502 2595698
7500 82008917 29517656 165477060 2623035
7600 82888760 30129492 169692929 2658986
7700 84098268 30601935 174186370 2688752
7800 85196820 31210450 178869668 2732938
7900 86537404 31640289 183290193 2771808
8000 87281695 31811538 188067734 2798122
8100 88641866 32335243 192736473 2843891
8200 89734922 32740450 197481546 2883541
8300 91245035 33481467 203071979 2945545
8400 91974477 33663668 207922504 2958407
8500 93237712 34228612 212229353 2995762
8600 94126505 34632254 217596564 3036598
8700 95332095 34849287 222343325 3069766
8800 96415331 35324411 227386812 3100598
8900 97667915 35885120 232780370 3155239
9000 98816651 36378014 237528872 3189447
9100 99951604 36680676 243070694 3233567
9200 101046729 37160508 248649508 3255287
9300 102193171 37554266 253967735 3316568
9400 103406347 38169903 259499275 3337541
9500 104534991 38549318 264739128 3370240
9600 105634209 38894057 270309641 3422789
9700 106784893 39200903 276103559 3455934
9800 107815635 39896206 282236233 3495571
9900 109241960 40308102 288456535 3527140
10000 110108539 40580282 293615404 3560271
